lat,lon
19.414,-99.165
19.387,-99.158
19.402,-99.162
19.4,-99.168
19.316,-99.293
19.419,-99.166
19.49379,-99.12286
19.329,-99.127
19.414,-99.163
19.419,-99.17
19.305,-99.125
19.421,-99.171
19.38775,-99.14626
19.367,-99.157
19.36679,-99.15688
19.38161,-99.17269
19.322,-99.097
19.373,-99.138
19.388,-99.148
19.361,-99.143
19.306,-99.126
19.43834,-99.1419
19.366,-99.142
19.44279,-99.14632
19.41277,-99.17074
19.44181,-99.17658
19.264,-99.106
19.27243,-99.1324
19.3867,-99.16527
19.387,-99.164
19.357,-99.122
19.41287,-99.16707
19.38722,-99.156
19.4457,-99.13721
19.422,-99.14
19.303,-99.125
19.297,-99.132
19.338,-99.143
19.405,-99.163
19.336,-99.12
19.293,-99.106
19.253,-99.056
19.397,-99.167
19.245,-99.076
19.417,-99.167
19.292,-99.126
19.317,-99.111
19.284,-99.138
19.297,-99.133
19.317,-99.137
19.343,-99.144
19.369,-99.154
19.422,-99.058
19.40952,-99.17015
19.32683,-99.10173
19.38728,-99.17133
19.33634,-99.28837
19.40342,-99.17011
19.36381,-99.14446
19.36069,-99.14063
19.39501,-99.14481
19.41976,-99.13812
19.37143,-99.16792
19.33836,-99.15083
19.41913,-99.16954
19.27115,-99.19163
19.42007,-99.17431
19.40521,-99.12595
19.42725,-99.16018
19.33914,-99.1363
19.37062,-99.16471
19.23439,-98.99185
19.41966,-99.16813
19.40206,-99.15193
19.36929,-99.15767
19.27756,-99.16694
19.38818,-99.15977
19.27133,-99.11667
19.41157,-99.16104
17.05994,-96.72505
19.44244,-99.1744
19.3986,-99.16685
19.3873,-99.16245
19.3866,-99.16364
19.36651,-99.15689
19.38766,-99.16393
19.38737,-99.15606
19.36072,-99.14057
19.29661,-99.13058
19.32238,-99.09726
19.35763,-99.12196
19.31663,-99.10994
19.32943,-99.12493
19.282,-99.11317
19.30334,-99.12299
19.4002,-99.1679
19.34087,-99.14329
19.44517,-99.13508
19.4426,-99.14284
19.43889,-99.14167
19.41432,-99.17011
19.42227,-99.14002
19.41785,-99.16606
19.41704,-99.16904
19.42102,-99.17006
19.41691,-99.16731
19.39884,-99.15941
19.39889,-99.1586
19.38755,-99.16383
19.2833,-99.13518
19.29306,-99.12324
19.44528,-99.13528
19.2946,-99.11173
19.26345,-99.10537
19.25527,-99.05643
19.24473,-99.07386
19.27807,-99.13367
19.39058,-99.16316
19.41464,-99.12805
19.27919,-99.16745
19.37239,-99.0155
19.42367,-99.17193
19.36562,-99.15149
19.49457,-99.12215
19.41484,-99.16031
19.38526,-99.1434
19.40893,-99.16387
19.41603,-99.16562
19.30908,-99.22993
19.44782,-99.14285
19.29434,-99.11036
19.35771,-99.23097
19.2935,-99.11266
